$ANSIBLE_VAULT;1.1;AES256
64663433633032326537616432663563663137666339363239666136333633623033353964616661
3161396364643062343130646633616137643766353732390a393964356332343439626265353561
35303130346564633263663365303564613866313035373839323466303031303230373166356535
3063316662396537330a393137323661363830643836616236383437636163376433616533626163
36616634363638666235646434356534326338653330363734383464323164636332623766636664
63363930353631386633643433363633646562623632363439643337343232333534343036386233
34316137303163383432316335393963663537313466663033323233303963346561383964303731
36653961396636346138623235306635363761616137666335343934646635353362313037373931
31303666363264343761333262356333656233393935616363613064343964353463336337333339
64303234636662313437613163323637383665363034313663363831303663353430333638326235
62646163383666623066616266306665343732376561393534393862633466373665333739353436
34326638653365363262653365616537326362323132633064373436336234393931303663373536
30396639333934303933653539343662313439656638363933353239393465626364303966393963
64313862666165306335613562343462396366396437383962373630366334383933373435306539
63363164663864666234343931316561393633373337623632396130613663623262653865376462
64633435316137363536646636353665383864383865333235613865323762353764333534393565
30303731313266346237383433346539383938623430316563653761323336383833636339386166
65656663323837626237373731383837633136316164383866626130346663626563633061316539
36306462653766303335336630373139663364616362633133366561663663643066303962306462
38653237656634323463383763393164633332653539383833613830653761653832386564303932
62356234303334386138346137333830356163646438326263306336336562663462343361376637
63353039343132383562336633346261656634333863666437393430353530393837383262656162
62343466306635666362393065353765353233663764333364353965643932613264653061626634
63623734393235643662343531663364663865633234316462653936666532363531653233616164
63383930363039323737346166363864376363306164373832383366643232656531653933326235
61343761356430653063616137356536333537313336626431353039313432343935383034633438
61326138393938613063613930316136386339343934363966663033653939663433353162623266
66363639313362666438383361343737316266616362373038343361306462323639663733316563
63623436366630643565316563643765343464376136373530333438366665343066633639356264
30313736396634626238643665623734333138623834376337396565306135383830316561643732
61643035383731633036363234333934663861613465373133353264613732633938336530363464
64363230633237356263313336626338376466613730356465343133653364313965376166646135
35396330623966343932383866366263326565363464306461303162323861633530643039393635
37363534343739616664346262643632326132663539386232623635303932633332306134333833
39373233383665373665653437373038333464336632653665306135393435386165643931313233
64646461613936633733666361333366373632393533396162376362376538363535323239376530
62346635363730323939323437313632653030376133376138613635396230346566386231303533
37306666646139323562313738353133343934303633343565636564346639313766313737666462
63666562313137663966306434346461313061346632336135336564663735333661313330646237
61653763396562333464333864393065303731333038386339303536353066386465313363316134
38343534643335343663343465303038656435383466626163663832393866383764663436333363
33613734323737353162316165643434643662666465353863326337616262333039313665653435
38353535323831303837633332326636303933313339626230613164373237333637636664323963
63353563303331313731623937393466323563656437623034313861326330323039336639346135
33616366623865666665376539323130323634653463653238336332343466333539343462363963
38653564653131306362373835353461353066616461306338643832633939663135323965656632
37643031633832343032616263353635396366333534636637316661333663393961333338373939
34313534323031626231346336613561336431373265376561373238653762613764613664386133
62663031373136366433653733303965633463336263313633623430633364653162356239656638
62343636656266663634383034356136373438393637643037396536623362646364373965386136
64383037636662343161363430646565353036343033396239623065333364616235393665333630
62333636303266646538343636666433643031653332653362366439396631303164336335386361
33356633663636343433383965386366313064643637656432636536643161636466656665623038
65333238323263656432663162393939323236343939353931656538653531613832363934366163
33626530323561386432353039666336333135636434393363616332396336343531393932393866
39373431306431626633383739353262643630653238613364353864313366643031373634326561
65663639383832653334613337353266383239313339626562363831636263333531383538316233
34646438353632633632316433366133323336393433323531366538343965666363396537303830
39393636356637363565646637643837363061386134373630336231363062656333646239393462
39363134303333333930
